    9.3000    0.1245
    2.6000    0.5155
    3.4000   -0.2555
    1.6000    0.9996
    2.8000    0.3350
    8.6000    0.7344
    8.5000    0.7985
    2.9000    0.2392
         0         0
    4.9000   -0.9825
    9.0000    0.4121
    6.2000   -0.0831
    1.0000    0.8415
    6.3000    0.0168
    0.5000    0.4794
    9.5000   -0.0752
    4.8000   -0.9962
    9.9000   -0.4575
    2.4000    0.6755
    3.9000   -0.6878
    7.1000    0.7290
    5.4000   -0.7728
    6.8000    0.4941
    7.2000    0.7937
    6.6000    0.3115
    5.6000   -0.6313
    6.4000    0.1165
    4.5000   -0.9775
    2.7000    0.4274
    0.1000    0.0998
    8.0000    0.9894
    9.7000   -0.2718
    3.2000   -0.0584
    9.4000    0.0248
    5.2000   -0.8835
    7.0000    0.6570
    7.5000    0.9380
    8.3000    0.9022
    3.6000   -0.4425
    2.2000    0.8085
    1.1000    0.8912
    3.5000   -0.3508
    4.1000   -0.8183
    9.2000    0.2229
    7.4000    0.8987
    0.8000    0.7174
    4.0000   -0.7568
    5.0000   -0.9589
    5.7000   -0.5507
    9.8000   -0.3665
    8.7000    0.6630
    0.2000    0.1987
    6.1000   -0.1822
    7.8000    0.9985
    8.4000    0.8546
    9.1000    0.3191
    7.7000    0.9882
    5.3000   -0.8323
   10.0000   -0.5440
    7.3000    0.8504
    4.2000   -0.8716
    4.7000   -0.9999
    2.3000    0.7457
    1.5000    0.9975
    1.9000    0.9463
    4.6000   -0.9937
    3.1000    0.0416
    5.8000   -0.4646
    2.5000    0.5985
    4.3000   -0.9162
    2.1000    0.8632
    5.5000   -0.7055
    8.2000    0.9407
    4.4000   -0.9516
    8.1000    0.9699
    2.0000    0.9093
    3.7000   -0.5298
    8.8000    0.5849
    1.3000    0.9636
    9.6000   -0.1743
    3.8000   -0.6119
    0.9000    0.7833
    6.7000    0.4048
    3.0000    0.1411
    7.6000    0.9679
    6.5000    0.2151
    1.7000    0.9917
    5.9000   -0.3739
    1.2000    0.9320
    7.9000    0.9989
    6.9000    0.5784
    1.8000    0.9738
    8.9000    0.5010
    3.3000   -0.1577
    0.7000    0.6442
    0.3000    0.2955
    6.0000   -0.2794
    1.4000    0.9854
    5.1000   -0.9258
    0.4000    0.3894
    0.6000    0.5646